10110010 11100011 10100101 11101110 00111000 10010100 10001000 01011011 01010010 10001001 00110000 01110100 00000000 11100011 10011000 01010100
01101011
10000011
00000011
10011110
10001001
11101110
11010100
00011101
11001001
11100101
11111001
10101100
00010111
01010001
00101010
11110111
00001101
01101011
11110000
01100111
11010011
01111110
11010100
00011101
11001100
10100111
00000100
11000011
10001011
01001111
01011101
10111010
10011011
10010011
11000011
01010101
10100101
01110110
01100000
00001010
00111110
00011110
11011110
01011100
00111001
01101111
11110011
01110111
10100111
01011100
01111101
00111011
00010110
01111001
11010001
00001100
11110100
00000100
11111110
00010010
11110011
11110001
11101101
10110001
