11100010 10100010 01111011 01001110 10000101 01011100 01011100 01011100
01010000 11101101 00000000 11000100 10000011 10001000 11101010 10011011
00001111 10110111 11000010 00000100 11000010 11000001 00101101 00111001
10010111 00010101 01111010 01101111 11001000 11100100 10111011 11100100
00110010 11000100 00001101 00110101 11110010 01110001 01100000 10010010
11101011 10100000 00101110 00110111 10011000 00010111 11010110 00110110
10100001 01000100 01010101 00011101 11110100 10011010 11011110 00110111
11110000 00011111 00101110 01110010 01001010 11000000 10101011 00110101
10111110 00111010 00100000 11111111 01111010 01111101 01111111 11001010
11010000 00000101 10100011 00110010 00011011 10111111 00001000 01011100
00101011 11000110 00010001 10101110 10001000 00100000 10000011 10011101
00100111 11101100 10110010 11100011 10100101 11101110 00111000 10010100
10001000 01011011 01010010 10001001 00110000 01110100 00000000 11100011
10011000 01010100 01101011 10000011 00000011 10011110 10001001 11101110
11010100 00011101 11001001 11100101 11111001 10101100 00010111 01010001
00101010 11110111 00001101 01101011 11110000 01100111 11010011 01111110
11010100 00011101 11001100 10100111 00000100 11000011 10001011 01001111
01011101 10111010 10011011 10010011 11000011 01010101 10100101 01110110
01100000 00001010 00111110 00011110 11011110 01011100 00111001 01101111
11110011 01110111 10100111 01011100 01111101 00111011 00010110 01111001
11010001 00001100 11110100 00000100 11111110 00010010 11110011 11110001
11101101 10110001 10111100 10001010 11010110 00001111 01010101 11110011
10110110 11011110 01100000 10000000 00000101 00000000 00111000 10000010
11011110 10011001 11101010 11000001 01000011 11000001 11001111 11010000
10100101 10011100 11111010 01011000 10000000 01011001 00101111 01011100
01111011 01001011 11110010 00111001 11001110 10100011 00011000 11001001
01110110 10001101 01101010 01100101 11001111 10100011 11111000 11110110
10000100 00010001 01101101 10011101 11100000 01100000 01010000 01011100
01100110 11010011 01110001 00110001 00101100 11110100 01111010 11100111
11110100 10010000 01000010 11110010 11101000 11110101 11110010 00011101
11101011 10100110 11000001 01010110 00000111 01011011 11100011 00111011
00011011 00111100 11101110 11011010 10010000 11001011 11011111 01100101
11100111 11101101 10100000 10001011 10110001 01110010 00011110 00110001
10001010 11111010 00101111 01110111 00011101 11001110 01100011 11011000
01111010 00010111 01110100 10001001 01110101 01011000 11011000 10000111
11010001 10010110 01110101 10010010 11111010 11100111 10000001 00000100
00110101 11010011 01101000 10010111 10011011 11110010 10100101 10010000
01000101 00011011 11100001 00010011 00010101 10101100 11001011 01110011
11011110 10111111 00000001 10010011 01100100 01100101 00000010 11110011
10010111 10000110 01001010 01111001 01101011 01101111 00101110 01010101
11001101 10100110 10000000 00101000 01011111 11100110 10000000 11100111
11111110 01000101 10001100 11110110 11000100 10011010 01001110 00100101
11111000 11001000 00001001 10000101 11111100 01011111 00100011 10110101
10010100 11110111 10111001 00110001 11100001 11111010 01100110 00000100
11001011 10011010 11101010 01011100 00101101 11100100 11110111 10111010
10010110 00101111 00110010 10011101 01110111 00100111 10010101 00110011
00100001 01001001 00111000 01101010 11100001 01111001 10101010 00100110
01101000 00000110 01001010 01101101 11000010 00101000 10011011 00110011
10111000 11011100 11001011 00011101 10011100 01000101 11101111 11000001
00011001 11111010 11100000 00111101 00110110 00110110 01100000 10001010
00101001 01111100 10111100 11111110 10101001 11111111 10101001 11011011
01000111 11110100 00110010 01100011 10101100 01000111 00101000 11100001
11101011 10011111 11010010 10100100 00011110 11101000 11000101 10011000
10100011 01111000 10101101 01000001 10011011 11001000 11111011 00000000
01111111 01010000 11011101 11010111 01100100 11100011 10010111 01010010
00100100 11011011 11110000 10100111 00101101 11000011 01100100 11010011
01101101 00010000 11110011 10000100 10011101 01110001 00101110 01011111
11100010 11011111 01100101 00101001 11111100 10011010 00000110 00000001
11110111 01011010 00001111 11111101 01110001 10011100 10001010 11110100
01000100 11100111 00011100 00111111 10101001 01101011 00000101 01011101
11001000 11011111 10101101 00011011 00111000 01011011 01011100 10011100
11000110 11001011 00010011 01000001 01111101 10111011 00110001 01010101
10010000 01011001 01110100 01111011 00011011 10001100 00110111 01010110
10001100 01101001 11000001 10111000 01011100 10101100 00110001 11110100
