00000000001010010
00000000000011011
11111111110110100
00000000000000000
00000000000000000
11111111110111011
11111110011110111
11110111101101101
00000000110100011
11110111000000101
11111111110110011
11111111110110101
00000000000010010
11111111110010000
00000001010101000
00000001110000101
00000000000000000
11111111101011011
00000000000000000
11110101011111100
00010011111010011
11111111111001110
00000000000111110
00000000000000000
11111111110110000
00000000000000000
00000000001101000
11111101011010011
00000000000000001
00000010000011000
00000000110100111
11111111110011010
11111111110101101
00000000000111100
00000000001101001
00000000000010101
00000000000000000
00000000000100010
11111111110110000
00000010100001010
11111111110111010
00000000001110011
00010001110100001
00001100100110101
00000000000001011
11111111110110100
00001101001010110
00000000000000000
00000000001010101
00000000000000000
00001000111010110
00000000111111111
00000000000000000
00000000000000000
11111100001010010
00000000000011010
00000000000000000
00000000000000000
11111111111100101
11111111110011011
11111111111111001
00000000000100101
00000000001011010
00000000000011010
11111000101000111
00000000001010011
00000000000000000
00000000000000000
00000000000000000
11111111101010101
11111111111000100
11111111111111000
11111001010100001
00000000001110100
00000000001110110
00000000000000000
11111111111010100
11111101110010100
00000000000000000
11111111110011110
11110110110000010
00000000000001101
00000000001010000
00000000001110011
00000000000000000
00000000000011101
00000000000101100
00000101001111110
00000000000010110
00000000001111000
00000000000000000
11101010000000010
11110110011101010
11111110011111000
00000000000000001
11111101001100111
11111111110001111
11111111110101010
11111111101110110
00000101001001011
00000000001000010
00000000000000000
11111010110010111
00000000000000000
00000000001110100
00000000001010101
00001001101101101
00000000000000000
11111111110001010
11111111111100011
00010110001100011
00000000000000000
00000000000000000
00000000000000000
00000000000110000
00000000001110010
11111100111110111
11111111110011100
00000000010111011
00000000001011111
11111111101001100
11111111111100101
00000000000000000
00000000000000001
00000111000111010
00000000001100100
00000000001110000
11111000000011101
00000110100010110
00000000000000000
00000000000000000
11111111100010001
00001101011000100
00001011111100000
00000000001111100
00000000000000000
00000010000001101
11111111100110110
00000000000000000
00000000000110001
00000000000110110
00000000000000000
00000101010110001
00000000000000000
00000000000000000
00000000000000000
00000000000000000
00000000000101000
00000000000000000
00000001001010001
11111111111010000
00000000000000000
11110111011001110
11101100010011100
11111111111000011
00000000000101000
00000000000111011
11111111110111000
11111111110100110
00000000000001010
11111011001011100
11111111110100000
11111111101110101
11111111110100101
00000000000000000
11111111110110101
00000000000011111
00001100101001000
11111111111001111
11111000110110110
00000000000000000
00001000011011111
11111111111010000
00000001110010011
00000000001000010
11111111110001011
11111111110000110
00000000000001101
00000000000000000
11111111110101001
11111111110010011
00000000001001000
00000001111100101
00000000000000000
11111111110010110
00000000000000000
00000000000000000
00000000001010001
00000000111000101
11111111001100111
00000000000000000
11101110001011001
00000011001110011
00000000000000000
11111111111001100
11111111110101001
00000000000100100
00000000000000000
00010000110011001
00000000000011100
00000000001010111
00000000000000000
11110110111010000
00000000001010101
11111111110100111
00000101111001100
11111111110010000
11111110110001001
11101010110011001
11111111110011101
00000000000011001
11111111110010010
00000000001001101
00000000000000100
11111111111111011
00000000000000000
11111111110100010
11111111101111101
11111111110100100
11110100011100011
00000100111010101
11111111111110000
11111111111101000
00010011000000000
11101100110011010
11111111110000001
11111111111000111
00000000001111100
00000000000010011
11111111110101010
11111111111100001
11111111111001110
11111111110001001
00001111000011010
00000000000100001
00000000000111110
00000000001000111
00000000000000000
11111111110001101
11111111101001110
00000000000000000
11111111110111100
00000000000000000
11111111110111111
00000000000000000
11111110001001101
00000100011111101
00000000000000000
11111111111110001
00000000001010001
11111111110101000
11111111111100111
00000000000110011
11111111101011000
00000000001000101
11111111111011001
00000000011011011
11111000100110110
00000000011001001
00000000001100100
00000000000000000
00000000000000000
11110100001010011
00000000000110011
00000000000000000
11110101111111101
11111111111011101
11100110011101001
11111111110011010
00000000000010111
11110110011110010
00000111010111110
00010110000101100
00000000001101001
11111111110000011
00000010001000001
11110100000010001
00000000010101100
00000000000000000
00000000000001000
00000101001011001
00000000000000000
00000000001001101
11111111111010111
00000000001000110
00000000010100011
00000000000000000
11111111111110100
00000000000000001
11111111111101001
11111111111001010
11110010010011111
00000000000100111
11111111110101000
11111011111111100
00011001001100111
00000001111101010
11111111110101001
00000000000000000
00000000000011010
00010010010111100
11111111110100100
11101001010100101
11111111110101001
00000000000000000
11111111110110111
00011101000111111
00000000000000000
11111111111110100
11111111101001001
00000000000000000
11111111111111101
11111111111010110
00000000000011110
11111111011101011
00000101101100010
11111111111101001
00000000001000100
00001001000011111
00000000000010100
11111111110110010
00000000000001000
11111111110110101
00000000000000000
00000000000111111
00000000000000101
11111111110011010
11111001100101000
00000000001101010
11110001110101010
11111111111011000
11110100011100111
11111111110010001
00000000000001101
11111111111001011
00000000000001111
00000000000000000
11111111111010000
00000000000011111
00000000001110000
00000011100000110
00000100010010111
00000100100100001
00000000000111011
00000000001011111
00000000001001000
00000000001001011
00000000000110111
11111111110001110
11111111111010110
11111011111101111
00000000000000000
11111111110101111
11111000000010110
00000000000000000
11111111110100111
11111111001001000
11101101110011011
11111111111010111
00000100110010111
00000000000000000
11111111111110010
11111111101011100
00000000000011110
11111010110101011
11111111001100000
00000000000100000
00000110010011111
00000000001101010
00001101111101000
11101011100001000
11111111101010001
00000110001110011
00000000000000000
00000000000000000
00000000010000111
00000000000000000
00000000000101100
11111100110001101
11110110110111101
00000000000000000
11111111110011110
11111111111011100
11110100101001001
00000000000111010
00000000000000000
00000000000000000
11110011000010001
00000000000010111
00000000000000000
00001001100010000
11111111110000110
00000111001001010
11111101110100100
00000000000011110
00000000000000000
11111111110101010
00000000000101111
00000000111000111
11111111110110001
00000000000011100
00000000001010101
11111111110101010
00000000000000110
00000000000000000
00000000001001101
00001100100101000
00000100011110110
00000000000011011
00000000001111101
00000000000000000
11111111101110010
00000000000101000
00000000000000000
00000000000111000
00000000000000000
00000010100101101
00000101101111000
00000000001100000
11111111110010011
00000000000010111
00000000001111111
11111111110011111
11110011101110110
11111111110110110
00000000000001010
00000000000000000
00000000001001000
00000000001001100
00000000000000000
00000000000111010
11111111001110010
11111110111111110
00000000000000000
00000000000100011
11111111101100000
11111111101100010
11111111101111101
00000101110001101
11111111110101010
00000110010011111
00000000000000010
00000000000000000
11111111111101100
00000000000000000
00000000000000000
11111110001101101
00000000000000000
00000000000000000
11111101110001110
00000000001011101
00000001111001111
00000000000100100
00000101111111101
11111111110010101
00000000000011101
00010000110110000
00000000001100010
00000000000000000
00000000000000000
00000000000011010
00000000001010111
11111100001111110
00000000000000000
00000000000000000
00000000001000011
11111111110101101
00000100100100111
00000000001000110
00000000001001101
00000000001110000
11111111110000110
11111010111111011
11111111110101111
00000000001110001
00010111011011100
11111111111100011
00000000000000000
00000000000000000
00000000000000000
00000000000000000
00000000000000000
11111111111011010
00000000001010100
11111111101011010
00000000000000000
00000000000011000
11111010100111111
11111111110000010
00000000000000000
00000000000000000
00000000000000000
00000001000100010
11111111110110101
00000000000000000
00000000001011110
00000000000000000
11111111111110110
11111111110001101
00000000000100010
00000000001110110
00000000010101000
11111111111101011
00000000000001111
11111111111101011
00000010000100001
11111111111100010
00001101101000101
00000100000000101
00000000000000000
00000000001100011
11110011010100100
11111111111010010
00000000000000000
00000000010001100
00000000000000000
00000000001111110
00000000000110100
00000000000000000
11111111111001001
00000000000011001
11111111111101010
11111111100010010
00011011011101000
00000000000000000
00000001001111010
11111111101000110
11111111101001100
00010100110001010
00000000000000000
00000000000000000
11110001010000101
00000111011111111
00000000000000000
00001001111101111
11111111111110001
00000000001001011
00000110110101001
11111111110111111
11111111101011011
11111111101011100
00000000000000000
00000000000011001
00001100010011011
00000000000000000
00000000000011101
00000000000000000
00000000000000000
00000000001000111
00000001011111000
00000000000000000
00000000000000000
00000000000000000
00000000001111000
00000000001100100
00000000000000000
00000101011011001
00000000001001110
00000000010010011
00000000001111011
11111011000011100
00000000000000000
11110001010010000
11110100110011111
00000000001111110
11111111101000101
11111111111111111
11111111110001111
00010010010100000
00000000011000001
00000000000000000
00000000000000000
11111111110111111
11111111110111100
11111111111100101
11111111111101011
11111111110111100
00000000000000000
00000000000100100
11110111110011110
00000000000100000
11110100001001110
00000011100011001
11111111110110111
00000000010111100
11111110101010001
11111111110011111
00000000000001101
11111111010111011
00000000000000000
00000000000101010
00000000000111110
11111111111110110
00000000000000101
11111111111100010
00000000000000000
00000000001011001
11111111110000101
00001000000101000
00000111110101101
00000000000110010
00000000000000000
00000011010011110
00000000000000000
00000000000000000
00000000000000000
00000000001010110
00000000000100010
00000000010000011
11111110011000101
11111111111011100
11111111111111110
11111111110100101
00000000000000100
00000000000000000
00000000000000000
11111011010001111
11111111111011000
00000000000000000
11111111110100000
00000000000000000
11111111111011101
00000000000000000
00000000000000000
00000000001010111
11111111111101111
11111111110000000
11111111111011111
00000000000000000
00000000000000000
00000011000100100
00000000000111101
11111111111011000
11111110001100100
11111110000110111
00000000001001100
11100111010010111
00000000011011010
00000000000000000
11111111111000111
00000000000000000
00000000000000000
00000000000000000
11111111111100111
00010001111101000
00000010000010100
00000000000000000
00000000000000000
00010111110001100
00000111000110011
11111110011010110
00000001001101001
11111111101000010
00000000000000000
00000000000000000
00000000000000000
00000111101001010
00000000000100100
00000000000001001
00000000000000000
00010101111011110
00000000001100101
00000000000111101
11111111111100001
00000000001011100
00000100000001001
00000000000010001
11111101010010111
11111101111111100
00000000000000000
00000000000010011
00000000000000000
11111001011100100
00000000000000000
00001011001011001
00000001011100100
11100101011000001
00000000000100111
11111111110100101
00000000000111000
00000000000000000
00000011011111111
00000000001111001
00000000000000101
11111111110101101
00000000000000000
00000000000100010
00000000001101001
00000000000001110
00000000001010001
00000000011010101
11111111110000111
00000000100111101
00000000000010110
00000000000000011
00000000000000000
00001011111000000
00000000000000000
00000000000101110
00001101010011010
00000000000000000
00000000001110011
00000000000000000
11111111110001111
11111111110011110
00000000000000000
11111111101110000
00000000000000000
11111111111110011
11111111101101111
00000000001100110
00000000001100011
00000000000110010
00000010111110010
11111111111100001
11111111111100101
00000000000010001
00000000000000000
00000000000010000
00000000000000000
00000000001101011
00001010100111110
00000000000000000
11111111100110001
00000000000000000
00001000000011100
00000000010100110
00000000000000000
00000000000000000
00000000001001101
00000000000000000
11111111110001010
00000000000000000
00000110000010011
00000000000000000
11111111111100100
00000000000000000
00000010110010110
00011100110101100
00000000000000000
11111100011101001
00000000000000000
00000000000111111
00000000001000000
00000000000000000
00001001011111101
00000000000000000
00000000000000000
11111111110100111
00000000000000000
00000000000000000
11111111101011100
11111111111100011
11111001111011011
00000000011000010
00000000000111010
11111111111111100
11101100111010111
00000000000000000
11111111111001101
11111111110000111
00001010111110101
11111111111000010
00000000000010111
00000000001000010
00000000001110011
00000000000000000
11111111111110101
11111010111010011
11110111110001100
00010000101101111
00000000001010111
00000101011101111
11111111110010111
00000000000000000
11111001111100000
00000000001111011
00000000000000000
00000000000000000
00000000000000000
00000000000100101
11111111111011001
00001111011010110
00000000000000000
00000000000000001
00000000000000000
11111111110001010
11111111111111001
00000000001010101
00000000000001101
00000100001000011
00000000000000000
00001011000101001
11111100000110011
11111111110111000
11111111100111111
00000000000000000
00000000001001110
00000000000000000
00000000000000000
00000000000110111
00000000000000000
11111111111100001
00000000001111110
00000000000000000
00000000001001101
00000000000000000
00000000000000000
00000010111110100
00000000000110001
11111111110011010
00000000000100101
11110111000100100
00000000001001101
11110110111100011
00000000111010101
00000000000000000
11111111111010001
00000000001111011
00000000000000001
00000000000110110
00000000000000000
00001001110111000
11111111110011010
11111011000001000
00000000001101010
11111111101010010
00000000001010101
00001111110000000
00000000000011010
00000000111111100
11111111101000110
11111111101110000
00000000000000000
00000000000000000
00000000000000000
00000000000000000
11111111010010111
00011001110111101
11111111110110111
00000000001110011
00000000010111111
00000000000000000
00000000000000000
11110011111110001
00000000000000000
00000000001110110
00000000001011110
00000000000111001
00000000000000000
00000000000000000
00001111010111111
00000000010000001
00000000000000000
00000000000000000
00000000000100100
11110010111001111
00000001011001110
11110101101000011
00000000001010110
11111111110011000
00000000000000011
11111111110100100
11111111111110011
00000000001010011
00000000100010100
00001000001001111
00000000000000000
00000000100011001
00000000000011110
00000000000000000
00000000000000000
11110001110010010
00000000000011110
11111111111101000
00000000000011111
11111111110100100
00000000000000000
00000000110001101
11111111110011100
11111111110111111
00000000001110100
11111111111001100
00000000000110011
00000000000000000
00000000000000000
00000000000010110
11111101001111101
00000000000000000
00000000001100101
11111111110000100
00011001101101010
11111111101110100
00001100011110100
00000000001011111
00000000111111000
11111111111000101
00000000000111000
00000000000000000
11111111111010010
00001011110110011
00000000000000000
00000000000000101
00000000000000000
00000000000000000
00000000001001111
00000000000000000
11111111111100110
11111111100010000
00000000000000000
00001101100010010
00000000001101101
00001110001010111
11110011001010011
00000010101010001
00000000001110101
11111111111011111
00000000001000100
00000000001110010
00000000010111111
00000000000000000
11111111111100101
00000000001100111
00000000000000001
00000000000000000
00000101111011000
00000000000000000
11111111111000100
00000000000010110
00011101000000100
11111010111101011
00000000000000001
11100111111001001
00000001001011011
00000000000111100
00000000000000000
00000000000000000
00000000000000000
11111111111101001
11110110000111110
11111001010000101
00000000000001100
00000001101001011
00000000000000000
11111111110101010
00000000000000000
00000000001111010
00000000000000000
00000011011010100
00000000001011101
00000001001110000
11111111110000101
00000000000000000
11110001000010110
00000000000010010
11111111110011100
11101001111101101
00000000000010101
00000000000000000
00000000001001110
00000000010000001
00010001011011100
11111111111000000
00000000001110101
11110110110111010
00000000000101011
11101110100110011
00000000000011101
00000000000000000
11111111100010110
00000000001010111
11111111110110000
11111111110001010
00000000000000000
11111111111110101
11111111111101010
00001001001001111
00000000000000000
11111111110110111
00000000000010000
11111111110000010
11111101100111111
00000000000000000
11111111101011001
00000000000000101
00000000000000000
11111100101001110
00000111100000101
00000000011101000
00000000000000000
00000000000011010
00000000001011101
00000000000000000
11111101000001110
11111001110010011
11111111011101010
11111101011011001
00000000010101000
11111111110001100
11111111111111001
