1 10 01111111 01111111 01111111
1 10 10000000 01111111 10000000
1 11 01111101 01111110 01111101
1 11 01111101 01111110 01111110
1 01 01111111 01111110 01111111
1 11 01111110 01111110 01111110
1 00 01111101 01111110 01111110
1 00 10000011 10000000 10000001
1 11 10000001 10000010 10000000
1 10 10000010 10000010 10000011
1 11 10000010 10000000 10000010
1 10 10000010 10000000 10000010
0 11 11011010 01110100 00101010
1 11 00010111 00010111 00010100
0 01 11011010 00000001 10001001
0 00 00111000 10001110 10101001
1 01 10000111 11011011 11100001
0 00 00010011 00001011 00000100
1 01 10100111 00110010 11100010
1 01 01111010 01101111 11001000
1 11 00100101 11011111 00100001
1 00 10110001 00000011 01001101
0 11 11100100 11100010 11000001
0 01 00101110 10111010 00000010
1 11 00011011 11001100 00001011
1 11 01011000 11011010 10000101
0 00 10001010 10100011 10111110
1 00 10011010 11011110 00110111
1 11 10000000 11111001 01110011
1 00 10010010 10110000 00101010
1 10 01101011 01111100 01110100
0 10 00001111 11110111 10100111
1 10 10111111 11100101 01101000
0 00 00010110 10001100 11001000
0 11 01110111 11100001 00001011
1 00 00101011 11000110 00010001
1 01 01110100 01000001 00000100
0 00 11100111 01001001 11111011
0 01 01100101 11000111 01001011
1 10 11100011 10001001 01001000
1 00 00101101 10101001 01000100
1 00 11000001 11010000 00000011
1 00 01110011 00001010 10001101
0 11 10000011 00000011 10011110
1 00 01001111 01110110 10100000
1 11 01110010 01111001 01111110
0 11 01011000 00101110 10100010
0 10 10101111 01110000 11010110
1 01 11111000 00110011 11101001
1 01 11111011 01010000 01110111
0 01 10010100 11100000 10011000
0 11 10001011 01001111 01011101
1 01 11010100 11011100 10011110
0 00 11010101 01101001 01011101
1 00 11000000 00010100 01111100
0 01 11101101 11100101 11000011
1 00 10110111 11111001 10111011
1 10 10011101 01110001 11110100
1 11 01100010 11001111 00111010
0 01 00001100 11110100 00000100
1 11 11110000 10010111 10011111
1 00 01111011 01101100 01101111
0 01 00010101 10101100 00011110
1 01 01011111 00111011 01101101
1 11 00110000 01000000 00000010
1 00 00000000 11100010 00001011
0 11 11010011 00111101 01011000
0 01 01000011 11000001 11001111
1 10 10000101 00101100 11100111
1 10 10010110 00100000 00010110
0 10 01011110 10111000 11110110
1 00 10111111 00100011 10011100
1 11 01010001 10001100 01100100
1 01 11011010 00110101 10101001
1 00 10111001 11110100 01111111
0 00 11110110 10000100 00010001
0 11 01101100 11101111 00000011
0 00 00010100 00010111 00011001
1 01 10100110 11100010 01100010
0 10 11001111 01000111 10101110
0 11 11111010 01001000 00100001
0 11 11001011 10100011 11010111
1 10 01000011 10111101 01110100
1 10 11000001 01010110 00000111
0 10 11011111 00011001 11011000
1 10 11001111 00111011 10110110
1 01 00100001 10010111 10111110
1 10 01011110 01111110 11011010
0 00 01000101 11011000 10111001
0 00 01111000 11000110 00101011
1 11 01000101 11101110 11100011
1 01 11001110 01100011 11011000
0 11 11010000 10111011 10100100
0 10 01011101 01010110 00110110
0 01 00001111 10100011 00101100
1 11 01011001 00101111 10101110
0 11 11000000 10000010 00011010
1 11 01001101 10100010 01011110
0 11 01111110 01010100 10110010
0 00 01000101 00011011 11100001
0 00 10011000 10101101 01100110
0 10 11011100 11110111 10101111
1 10 00000011 00100110 11001000
1 10 01010000 00101111 00111001
0 11 11000011 00100101 00111100
1 01 10101101 10111100 10111001
0 10 10111001 10110100 11010000
0 00 00101000 01011111 11100110
1 00 00000111 00111111 11110010
0 01 01100011 00111101 10110001
0 01 00110100 10011100 01001011
1 11 10001100 10000000 10011000
0 10 11111110 00101111 10010001
1 10 11010110 01010011 11011110
1 11 00100110 00111100 00111111
0 10 01100110 00000100 11001011
1 00 11010111 01010010 11100001
0 11 01111001 00111101 11101110
1 01 00101100 01011110 01100101
0 01 11010111 01110010 01111001
0 10 10011001 10010000 10100100
1 00 11100001 10101011 10000101
1 11 00110101 01000100 11001101
0 00 00000110 01001010 01101101
1 10 00010001 01000100 11011001
1 00 11101110 00110111 00110010
1 10 00111011 00111000 10001011
1 10 11111100 00010001 10011111
1 01 01110000 00011110 10011011
0 00 11011001 10000010 00101000
1 01 00101111 10010111 10011111
1 10 10101001 11111111 10101001
1 10 11011010 00111111 10100001
1 00 10011000 11101011 00010001
1 10 01010001 11000011 11010111
0 01 11111101 00101010 01000001
1 11 01110100 01100010 11001100
0 10 10001101 11100010 10110101
0 00 00110011 01111001 00011111
0 11 00000000 01111111 01010000
1 10 11101110 10111011 00100111
0 00 11100101 11010100 10001001
0 01 10110111 11100001 01001110
0 10 11011100 00110110 01001101
0 01 10110110 10001000 01111001
1 10 00010010 01110101 11000100
1 01 11001011 11111100 01011011
1 11 01100101 00101001 11111100
1 00 11010000 00110000 00001111
1 01 11010110 10000011 11111111
0 10 11100011 00111001 00010101
1 11 01000100 01001110 01110001
1 10 00011111 11010100 10110101
1 00 00010101 01110111 00100011
0 11 11110101 10100011 01100111
0 00 01011011 01011100 10011100
1 10 00110110 01011000 10011010
0 00 01011111 01101110 11001100
0 10 10101011 00100000 10110010
1 11 01000111 10110001 10111000
1 10 00011011 10101011 01000110
0 01 10100111 00000110 11100001
0 11 10010101 10000110 00111110
1 00 10100101 01100010 00101001
0 10 01110011 00111001 01001011
0 00 01100011 11101000 00110000
0 01 00011111 10110100 00110001
1 00 11101100 10011111 00001000
1 11 11101100 11011000 00001000
0 00 10100100 10111111 11011010
1 11 11010111 01010111 00111101
0 11 01010000 10000011 00000100
1 10 10011100 10010100 00110000
1 01 11001001 10001101 10101100
1 11 11100011 01010111 00100010
1 00 11000101 01000111 11111001
1 01 00001010 10111111 00100010
1 11 00100001 10001100 11100100
0 11 10000011 11111100 00011001
0 00 01101101 00011111 00001010
0 10 10101010 00100110 11010011
0 11 00001011 10110001 10011001
1 11 01101101 10111101 01100100
1 00 01110101 10111001 00101110
1 01 10110010 00110110 00101001
1 01 01111101 11000000 11011111
0 10 01000111 11101100 10101011
0 01 00101101 11111000 00111100
0 10 11101001 10100000 10100100
1 11 10101001 10010011 11111110
1 00 01001100 00111101 01100010
0 00 01010100 11101000 00000011
0 11 10011001 11011000 10011001
0 10 11101110 11010100 01001101
1 01 01001011 00101000 10011100
1 00 11010100 10010010 00000110
0 11 11010001 01101110 01101010
1 10 00111101 10100011 10000100
1 00 11111100 11110000 10111010
0 11 01010001 11110101 01101001
1 10 00011011 11100101 10100100
0 01 10111101 11111000 00111100
0 00 00000101 00111111 10010100
0 11 11111000 11010011 11110010
0 01 11111010 00111011 00110001
0 11 01111000 00010110 00101001
1 10 01100010 00000001 01001100
0 11 10110101 11010111 00011010
0 01 11000010 01011101 11010110
1 01 01110011 00110111 00010100
1 11 00011111 10011000 00100100
0 00 10111111 01000001 01110001
0 00 11101001 01100001 01010000
0 10 01000010 11001000 11010010
0 01 01001011 11000101 00111000
1 11 11011110 10110101 11001101
0 11 00100001 01000010 10010110
0 01 00110101 11001100 00000111
0 10 01100000 00110101 10001011
1 00 01001101 00111001 10100101
0 00 01111110 00010101 10100100
1 01 10110111 10101101 10011100
1 10 11100000 10011011 10000001
0 01 00110101 10000011 01011101
0 00 10001111 00101100 01101011
0 01 11001101 10000010 11011010
1 00 11110100 01111100 01010000
1 11 11100000 00100001 00100010
0 10 11011111 00111010 11101100
0 11 01000010 01101011 00110001
1 10 01000100 11101110 10110000
0 10 11110111 11100101 01010100
1 00 10111100 01000000 01100000
1 10 10001110 00010010 00110110
1 10 10010111 10110000 01101001
0 00 01011001 01101010 10111110
0 01 00110100 00000110 11111011
0 01 00100001 01101010 11001111
0 10 10111101 11010011 11111110
0 01 10000111 11000110 00111011
0 11 00010100 11111101 00011111
1 11 01011011 10111000 00010101
1 11 10101100 01110000 00101100
1 10 11110110 01111100 00110001
0 10 11000000 10111111 10111101
1 11 01101001 10100000 00011000
0 10 10111111 01000000 00111011
1 01 01110111 00000011 01110101
1 01 10000010 10111000 00000010
0 11 00000001 11000001 00100001
1 01 01100100 00111011 00110101
1 01 00111100 00110001 01011100
1 10 11111001 00101011 00101101
1 11 10111111 01000010 11110010
0 01 01000011 01001110 11110010
0 01 11111001 11110010 11001111
0 10 11101100 11111011 00100111
0 10 10110010 11111100 10101100
0 01 10010101 01001101 01110110
0 00 10110101 01010001 11101001
0 10 11001000 00111001 00110101
1 01 10000110 10100111 01011011
0 00 11100111 11011111 10000110
1 00 00001111 00101101 01100111
1 11 11000111 01010110 10010001
1 10 01000011 00001010 01101110
0 00 00010110 11100000 10000100
0 10 11010111 00011101 10101101
1 00 10110111 11000000 00111011
0 10 10101010 01011110 00110110
0 01 10101111 01001001 01001100
0 10 01110111 10100000 11000000
1 11 00011100 01100011 11000100
0 11 01110110 00100001 01000011
0 10 10101000 10100100 01100101
0 01 10111110 00001011 10100110
1 01 01110101 10011110 00000111
1 10 01001010 10110001 10111010
1 10 00101001 11100101 01100100
0 10 01000011 10010000 10100011
1 00 00010110 10001110 10111001
1 00 01001001 11001100 00000001
0 01 10000100 11011110 10000011
0 10 01011100 10101101 11001001
1 11 00011111 00100100 01000100
0 00 11111011 11000100 10110110
0 10 01010000 10101010 11100110
0 01 10110000 10011011 10101000
0 00 11101010 01011100 01111111
0 11 11100000 01011010 11011010
1 01 10101101 00101100 01010110
0 10 11101111 11100001 00001000
0 10 11011010 10010000 01111010
1 01 01000010 10100111 11101001
0 01 00011000 10001110 00111110
1 11 00010110 01100110 10000110
0 00 10111011 01101100 11110001
1 01 00010010 11111101 11010100
1 01 11010101 01000110 10010101
1 11 00101011 00111101 01011001
0 01 11111010 11000100 11100011
1 10 00000110 01011011 10110111
0 00 01100000 00101001 01101110
1 01 10110001 10001110 01110111
1 01 00000100 00101100 01010100
0 11 11011010 00010011 11000110
1 11 01111110 00101000 11100011
1 10 11000110 01111100 11010101
1 00 11111110 10111000 11110001
0 01 11110110 11010100 11111100
1 10 11011010 11011110 00110101
0 01 00001111 10100100 00101011
1 01 00000000 01010110 10110110
1 01 01001000 01111001 01011100
0 10 10110000 00110011 11101001
1 11 00010010 01110001 11000101
0 01 11101100 01110100 11000010
1 00 00000000 01010111 11000010
1 11 00101110 01011111 11010100
1 10 11110001 10000001 00011111
0 00 11000100 01000010 10100111
0 10 11100010 11000000 11101011
1 10 11010011 01000101 01110110
0 10 10111100 10000010 11010010
0 11 10010111 00010010 10011110
0 01 01011100 10100101 00100111
1 01 10000101 01011101 00110100
0 00 10101100 10011110 11101111
1 10 00111000 10001011 00001001
1 01 00111010 01111010 01001010
0 10 00111001 01110111 00000011
0 01 10010001 01000011 00010011
0 10 10111010 11011001 00011000
0 01 11110000 00010101 10000110
0 01 01001010 11010111 10100001
1 01 00011101 01100001 00011100
0 10 11110100 01100000 00100001
1 10 01101000 01010001 01001000
1 00 10000111 11110010 00011010
0 01 10011111 00100111 11011011
0 01 11000100 00110111 11100100
0 11 01011101 00110110 10001000
1 00 00001111 10100100 00001101
1 00 11010011 11110010 10001001
0 11 10111010 01111010 00000101
0 11 11010000 10110000 01000000
1 01 00110010 00001110 00010010
1 11 11110000 11000010 10101101
0 01 11101001 00100100 00010001
1 11 11111110 10100010 01001111
1 11 10001011 10101110 11001010
0 10 01011001 11000001 11001010
1 10 01101001 00111101 10010000
0 11 10111000 10110101 01101111
0 00 11011000 00000111 01111101
1 10 11011000 11011011 10011000
0 01 01011010 11110101 11110101
1 10 11000111 01001100 00000011
0 11 01101001 01111101 11101011
0 00 11100110 11010000 11011000
1 10 10101110 00111011 00101010
0 01 00010110 10011111 00101111
0 10 10000110 11010001 10110100
0 00 01101011 01111000 01001100
0 01 01110000 00111100 01101111
0 10 11000110 11111011 11000011
0 10 11110000 00101110 10011011
0 00 01111110 00111111 10110111
1 11 11101010 10011111 11100101
1 00 11110000 01110101 11001011
1 00 11110110 11101101 11001000
1 01 11001111 10000100 01000001
1 00 01110001 01010001 10110100
1 11 10110110 01000101 11001111
1 11 11111101 00100001 00010010
0 11 11110101 00101001 11010001
1 11 00010000 00111010 10101011
0 00 00001000 00010101 11101011
0 00 10000110 00000011 00111001
0 11 10101100 01100010 00001000
0 00 01101000 11000001 11111110
1 00 00000110 10011110 00010100
1 11 10010110 10001111 11011001
0 10 10010110 00011011 01110010
0 00 10101001 10111000 00001101
0 01 00000001 01001101 00010000
0 11 11011000 11101111 11111101
1 00 10110011 11101011 01011111
0 00 11110011 00111000 01101010
0 01 11001100 01001011 01011010
0 11 11011010 01011110 10011011
0 10 10010010 01000011 00110010
1 00 00111000 00110000 10010010
0 01 10111101 00011111 00001000
0 01 10011010 10100111 11111110
0 01 11100101 10011000 00111101
1 01 10100000 00110011 11011000
0 01 00110011 11000111 00101000
1 00 00011000 11101001 11111111
1 11 01111011 00111001 11000011
1 01 11110110 10100011 11011100
0 11 00011101 10001011 11111011
1 00 01110000 11100111 00000101
1 11 10111000 10010011 00110101
1 01 01011000 01010001 01101101
0 11 11011010 10111000 11111110
0 01 01100011 01111100 00010110
0 10 10101111 11101110 01001110
1 10 10000011 11101111 00010000
1 11 11000100 11111000 11110100
1 00 10101000 00101100 00001101
1 01 00000010 00001011 00011101
0 00 01001101 00011110 11000010
0 00 10101000 11110001 00001111
1 00 11110110 00111010 00100111
0 00 10100100 11111110 01010001
1 11 01101100 00010011 00001010
0 00 00011111 00111000 00111001
1 11 01100000 10000001 01111001
0 10 10011011 01110000 11010100
1 11 11101111 11010010 10000000
0 00 11000000 01111000 01110101
0 00 11110101 00000011 00011010
0 01 01111011 00001111 11110110
1 00 10110110 10111011 11101011
0 01 00011101 01111010 11011111
0 00 00011011 01011111 00001100
1 11 00111010 00100000 01010111
1 00 10001110 11100100 00000110
1 00 11010010 11100010 01001111
1 01 11101110 01010111 11101001
1 10 00001000 10110101 10000111
0 00 10011111 11011100 11111010
1 11 01101100 00000101 11010001
0 00 11101001 11010010 00110011
1 00 11001110 01001101 00001100
1 00 11111100 10001000 00110000
0 00 11011001 11101011 00101110
0 11 01101000 00111001 00111111
1 11 11100100 11011101 00001110
0 11 00110100 00101000 10010000
1 10 10110010 01101000 11100011
0 10 00000001 01011010 00011011
1 10 01110110 00100110 00000111
0 00 00011110 10001010 00000100
1 11 01000011 00011011 11110100
0 11 11011010 00000100 01101001
0 00 00000101 00110000 01100011
0 00 11110100 01111000 00000010
0 00 10111010 10000111 11010011
0 10 01001001 00010111 00001011
0 00 00100110 01101001 00100110
0 00 11101001 11100010 11000001
0 10 00001101 11100001 11011010
0 00 10000100 00101110 11111101
0 11 10111100 11100110 11111000
1 00 00010010 01111001 10100001
1 10 01010100 01111001 11011001
0 11 00111000 01111101 01110000
0 01 10000001 10111011 11101010
1 00 11100011 01100010 10101011
0 01 10100110 11011010 00110110
0 11 00001100 10100010 00001101
0 00 10101011 00011000 01101010
1 10 11001011 10010100 01110101
1 01 00111010 10111000 11101110
0 10 01101101 10000110 01011101
0 10 00000111 10011101 11111000
0 00 10100001 00011111 10111101
0 01 01011000 00011001 00110100
1 11 11010110 11101001 00100011
0 01 00000000 00101001 01110111
1 10 11101001 01011010 00100101
1 11 10000010 11110001 11100110
1 10 01111101 01110101 10011000
1 11 10101100 11001110 00011100
1 00 10000010 10101000 10000001
1 11 11001110 11110000 11001000
1 00 11010000 00001101 11101101
0 10 01100101 11100001 01100010
1 01 01010111 00110001 10111011
1 01 11111011 10011110 11110100
0 11 01010111 11101001 10110001
1 11 11111100 01000000 11110110
0 00 10101101 10010011 11101010
1 00 10000111 00001001 11101010
1 01 00101101 10101100 10111101
1 10 00111100 10110110 01101101
1 00 01001110 01101110 10101011
1 10 01100011 11100111 00100000
0 10 01110100 01001110 00101111
1 01 11101010 10100010 10010010
1 01 11101000 00011101 10010010
1 10 11000001 11100101 00100011
0 01 11010111 10100100 00011101
0 10 01001000 00000010 11010111
0 01 10101100 11010001 10010110
0 10 00011100 00110111 11100010
1 00 00001100 11000011 10011111
0 01 11001000 01001010 10010010
1 11 00101001 01000011 11100101
0 10 01101111 01111011 01011110
0 00 10111000 11000111 11000100
1 01 00111000 10100001 10110000
1 10 10100111 01001011 00100111
1 11 11100100 00111001 11010000
1 10 01100011 01001111 01011111
0 00 10111001 00101000 01010000
1 01 11010000 10000100 01111100
0 11 10100100 01000110 10100100
0 10 01010100 11110011 10000100
0 00 10100001 11001110 00010111
1 01 10101110 10000010 11001100
0 11 11110111 00111110 10011100
1 10 11100011 10110000 11101010
1 10 11111100 10110010 00010011
1 11 11101101 00111001 10001100
1 11 00011111 10000110 01000101
1 00 11010011 11110111 00111001
1 10 10101000 00101100 01110111
1 01 00100111 10101010 10110111
0 01 11110011 10111000 00000111
0 00 10101011 01001110 11100011
0 10 00001010 00110000 11111011
0 11 11111010 11010110 11001011
1 10 11110111 11101110 11101000
1 10 01010111 00001111 11110010
0 10 11010000 11000111 10010001
0 00 11100100 00010111 10111101
0 00 00010010 10001110 10101000
1 00 11010001 11110011 10000011
1 11 01010000 01110000 11100011
1 01 01101010 10000101 01100001
1 01 01010011 11111111 00000101
0 00 01010011 11111010 01101111
0 11 10000000 10100010 11011111
1 01 00101101 11100110 10010001
1 00 11111001 10111100 01011110
0 01 10111010 10000100 10101010
1 00 11010011 00001011 00111011
0 00 10000000 11001100 01011100
0 01 01011100 11011011 00011010
0 10 00110001 00001100 00100100
1 11 11100110 00000110 11111101
1 10 10000100 10101110 00001110
0 11 10000100 01101001 10100011
0 00 10010100 11111001 01011010
1 11 00011000 10101111 00111110
1 10 10000101 01011101 11000000
0 00 10010110 00111100 01100000
0 00 01000100 11100101 11011011
0 11 11000111 11111000 10000101
0 01 00100001 11100100 10000000
1 11 01111011 11000000 00010101
1 10 11101111 01110100 01100101
0 00 00010110 10000010 01111011
0 10 00000110 11011000 11000100
0 01 11101101 10101011 01001000
0 11 00111110 00010001 01010100
0 00 01101110 01111100 11010011
0 00 11110011 10100110 00011101
1 10 01011100 10011011 11101101
0 00 11011000 00000101 01101011
0 00 11100000 01010101 10000011
1 00 10001010 11100011 01100011
1 11 01100010 11111100 10001001
0 11 11100100 01111010 11101000
0 11 11011010 01001000 11000000
0 11 00010101 11110000 11110011
0 01 01110110 11011110 11110101
0 11 10000111 00000000 01101000
0 10 10010101 00001010 01001010
1 11 00111110 10101111 11000101
1 01 11010000 11010001 10110010
1 10 11110000 01011110 11110001
1 00 01111011 11011001 00001010
1 11 10001110 01101010 11011011
1 11 00011100 01011011 10000111
0 01 01000100 01001101 11100000
0 11 11001000 10001100 01001001
0 00 11110110 10001010 01001000
1 11 11111010 00010010 11001111
1 11 01000001 00000000 00111010
0 01 01100110 01100001 01100111
1 10 00101100 00101010 00111001
0 01 00010011 00010101 00111111
1 11 11110011 00101011 01011011
1 11 10011101 00011010 01011100
0 11 01001010 00110001 10111100
0 00 10001010 10101000 00011101
1 10 00110001 11010011 01110111
0 00 00011111 10011001 00101011
1 11 00100100 01110011 11001111
1 01 11010101 01010100 00111000
1 10 00011000 11101000 01000010
0 10 10000111 00110110 00110010
1 11 01001010 01110100 00110110
0 11 00110111 01100011 11101010
1 11 01000110 01011100 01010101
0 10 11110111 01001110 10010100
0 11 10001110 01101011 10101010
0 11 10101111 01111011 10011010
1 11 00011100 00010110 11001011
1 11 11101110 01001010 11011000
1 11 11001011 01110111 11001000
1 00 00100111 00100010 10001101
1 00 00111011 00011101 01111010
0 00 01010001 11111100 10010000
1 10 01111110 11110110 11110011
1 00 11110110 00000110 01101000
0 10 01011000 10100110 10010110
1 11 10100000 11110000 01000010
0 00 01110101 00111111 00110110
0 01 01011110 01111111 01001101
1 11 01100110 00000000 01010011
0 11 00000000 10111010 11011101
1 00 01111101 11111101 10000111
1 10 01100000 10011000 00001111
0 11 01010100 00100101 01000100
1 00 10110011 00111011 11000111
0 10 11101100 01000100 11000010
1 11 00110111 01010011 00000000
0 01 00011110 10011001 10011110
0 00 11011100 11000110 01010000
0 01 10101100 00010100 01000100
1 11 00001111 11110100 11011101
0 11 10010011 10100010 01000011
1 00 10001100 10110111 10001100
1 11 00111011 10011001 11000111
0 10 10100011 00111001 01100110
1 10 10100110 10011101 11001001
1 01 11100101 10000101 10001100
1 10 10110011 01010010 10010110
0 01 10101000 01001001 01110001
0 01 10011101 11100010 00110100
0 00 00011101 11111011 11001100
0 00 01011110 11000000 00000001
1 00 11110100 00000001 11100011
0 00 00110111 01011000 10001011
0 11 11011000 11001010 11011111
0 01 01000100 10111111 11110001
0 10 11101010 01111100 10111000
1 10 00011011 00110010 10000011
0 00 01101100 00110111 11100010
1 00 01111101 00111011 11010001
1 00 10101010 01011100 01011110
1 11 01111100 11010010 10110110
1 01 01101011 11111011 10100110
1 01 01001011 10010110 10101011
0 10 01111100 10101101 11000000
0 00 11001010 11001010 01110101
0 00 10111010 01010000 01010001
0 01 00101011 00001111 11000011
1 10 10000000 01011000 11000001
0 10 10100011 10001111 00001010
1 01 00001010 10100011 10101011
1 11 00100010 00010101 10000101
0 01 10010101 11110000 01110001
0 10 00000011 11100110 00011100
1 11 11110101 01110111 10011011
0 01 00110101 10000101 10000000
0 01 11100011 10110100 01011111
1 01 11110111 01011001 00110100
1 10 10111100 01011011 10011110
0 01 11100011 10101010 11010010
1 11 00110000 10111100 00101111
0 10 11010101 10001110 11010000
0 11 11011001 01101110 10111100
1 10 10000110 10101110 10101010
1 11 01011100 01001011 01000111
0 10 01001101 11101001 00000111
0 10 10010000 01110001 10011011
1 00 10000001 00100111 11010011
1 00 11000101 00101100 11100111
0 00 00010101 00001100 11010100
1 11 00101000 01000010 10001111
1 11 10011011 01100111 01110111
0 00 10011000 01101010 11110011
0 01 10000011 10111010 10101001
0 10 11011111 11001000 00111101
1 10 00011011 01111010 11011111
1 11 11010100 00001100 11100101
1 00 00100011 10100011 01110000
1 01 11101111 01000001 11110101
0 11 00001010 00000111 01100101
1 01 01101000 10101100 00011100
1 11 10111100 00111110 11110101
1 10 10000011 01100100 01100001
0 00 11001100 01101001 00010010
0 10 10110011 01111011 10110000
1 01 11001110 10100110 01101010
1 10 01001010 10011000 10101110
1 11 11100000 10110011 01111100
1 11 01000100 10111101 10111100
0 00 10001100 00111111 10010101
1 00 01010001 11010010 00010100
1 10 11000010 10001101 00110101
1 11 11011011 11101100 01011000
1 01 01010011 11011111 00101011
0 00 01110010 01100100 00111100
0 10 01001110 01100000 11110110
1 01 10111100 11100111 01110011
0 00 10000001 11100000 00001010
0 00 01000100 11101110 00011110
0 11 01000111 11101100 10101000
0 11 10010101 11100011 11010101
1 11 10001111 01010101 10100110
1 11 00000011 10100110 11001111
1 11 00000001 00010101 01011111
0 10 01000110 10000101 11001110
1 01 10011010 00011001 00001000
0 10 00111100 01110001 11100110
0 00 01001101 11000111 01010100
0 11 00010101 01111111 10010111
0 11 00111011 01001001 11111100
0 00 10101101 11100001 00100111
1 10 01011111 00001000 11011111
0 10 10011110 11111001 00011101
1 11 10100011 11010000 11010100
0 01 00001110 10111100 11110100
1 00 00110011 01100110 00111000
1 10 11011011 00110011 10111100
0 01 11111001 00101001 10101111
1 00 10000100 01010110 10001110
1 11 00001101 10001100 11011110
0 11 01101000 01100001 00100101
0 00 10110010 11110100 01000001
0 10 10000101 11100100 00101010
1 01 10110110 01001100 11010000
1 00 11111111 00110001 10111110
0 00 11011111 10011111 10000010
1 11 00110000 11010010 00000101
0 01 01111011 01011110 00110110
0 01 10110001 10110101 10000111
0 01 01001001 11100110 00111101
0 01 11100111 01010001 10100100
0 01 00000001 01110100 11010010
0 11 10101010 10000000 00010001
0 11 11010110 10010001 01000000
1 10 01100101 10110101 00110111
1 01 10001101 00111000 11001010
0 00 00000001 10001011 11011000
1 00 10111000 10101000 11101110
1 00 11100100 00000111 01010110
1 00 10101110 10101001 11101011
1 10 11100101 01101110 01100101
1 01 10111010 01001100 11001000
0 10 11010110 10011011 10111111
1 11 10001010 01111010 00110011
0 01 11100111 11011010 01000011
0 01 10001100 00100011 00100001
0 01 01001011 00011100 10101010
1 00 10100110 00011100 10111010
1 01 01000010 10011000 11111111
1 11 00100101 01000011 01001101
1 00 00110011 11100100 10110100
0 01 11001110 11011100 00111110
0 11 01001100 01000100 01000100
1 01 01110110 10000011 00010011
0 11 10100111 01010000 11111000
1 01 11100001 11000101 00100111
0 11 01111101 00110110 10110001
0 01 10100000 11001000 01010010
0 01 10100000 01110010 01010001
0 00 10100000 01000101 10010110
1 10 01001010 11010101 11010101
0 11 00000000 11111100 00100111
1 11 00111110 10101100 10001110
1 00 01110101 10010000 01011010
0 11 00100100 01001010 01111100
1 10 11100000 10101100 11111101
0 01 10000000 00110110 10001110
1 01 00110111 11000011 01100101
1 10 11000110 10110100 11101100
0 01 00101000 11010100 11110000
0 10 00000101 00100111 01010100
1 00 00110110 01110110 00011101
0 10 00011000 01110011 00110011
0 11 10010000 01000100 01111101
0 10 01010010 10001111 00101110
1 00 01101101 00011000 00101000
1 11 11001110 00000011 11100001
0 01 11101010 11000111 00001111
1 01 01011110 00100010 10010001
1 11 10001010 10011110 10000011
1 00 11011001 01000000 01010010
0 00 11010000 10111100 11001000
0 11 11010001 00111101 01101110
0 11 10110010 00110111 10100010
1 01 10101010 11101010 10011000
1 00 00101101 11011110 00000100
0 11 10000001 00101110 10111001
1 11 11000001 10110110 01011110
0 00 10100011 01111011 01100100
1 00 10000100 10111000 10010001
0 00 11101010 00100101 00110001
1 11 01110011 11000001 01111110
0 11 00001101 00110011 00110010
0 10 11010011 11110101 11000100
1 01 10101001 01100001 01000101
0 01 01110010 01110101 11111010
0 10 00111000 11111101 10110010
1 11 00010001 10000000 11110000
0 00 11110111 10111000 00100101
1 11 10110000 10000011 10011101
1 00 00000101 00001110 10011011
1 01 00111100 10110101 01001110
1 11 00011111 01010100 01111101
0 01 10111111 00101100 00110100
0 01 00000111 10001000 00100011
0 11 11101100 00101010 11011111
1 10 11001101 01011000 11110001
0 01 01101111 11111010 11000110
0 11 10010110 10010011 10111101
1 10 00100111 11100001 10000000
0 00 00001100 11101011 00110101
0 00 10101100 00100001 10100101
1 00 01111101 11011010 01011100
1 00 11010100 01110101 00010111
1 10 00100100 11010100 11111110
1 10 01111100 00011010 00101001
0 11 11110000 11111110 01011011
0 00 11100000 11010101 10111011
0 00 01100111 00110110 00010010
1 01 01010101 01010110 10001000
0 00 11101011 01010011 00001011
0 10 00001111 01000001 11110010
0 00 11000101 10011001 10100101
1 00 11101000 00001101 10011110
0 11 01101100 01001001 11000011
0 01 00011001 01101011 11010001
1 11 01101110 10001011 01001010
1 11 01110100 10100010 00100001
0 11 11111110 01100001 00010011
0 00 01111000 11001001 01010101
0 10 11101110 10011100 10010000
0 00 11100111 10111001 01000101
1 00 10110011 11000110 00010001
0 11 11101100 10010000 00111100
0 11 11000110 10011000 00110110
1 11 11110010 11010101 00100100
1 00 01100001 10011110 10000111
0 11 10011011 00111001 00011001
0 00 00110100 00111101 11001000
0 10 00011011 00110011 11100101
1 11 11100001 01000100 00000111
0 10 00011111 11111000 00011101
0 01 01110111 11000101 10011010
1 10 01010001 00100110 10110001
1 11 10000001 10000100 11011011
1 00 00000110 11110000 01010111
0 00 10011010 11000100 00010001
0 10 01111000 01111011 01100100
0 00 00001011 10010100 10111010
1 11 00001111 01011111 10000101
1 11 00000110 01110110 01000000
0 10 01110010 01110110 01010100
0 10 01001001 10101000 01001001
1 00 00100111 00001111 11110111
1 11 11010110 11100100 10001111
1 11 10001010 01001000 11001001
0 01 10001110 10000011 11011000
0 00 01100010 01100110 10011000
1 10 10001011 00001001 11100111
1 11 00100111 10101100 10000110
1 01 01101111 11010100 10001110
0 00 00010011 10001000 11011010
1 11 11010001 00101000 11001111
1 10 00001000 11010101 01100011
1 10 11010010 00001011 00111101
0 00 10110111 00101001 01001000
0 01 01101010 11100110 01100000
1 01 00011001 10010011 10110110
1 11 11110101 01111100 01011110
0 01 11001100 11010001 10011010
1 11 11011111 01010101 10111010
1 11 01100010 11010111 11111100
1 10 00011001 11001000 11111000
1 10 10001001 00110001 01011111
1 00 01001000 10000001 10000101
0 01 11011000 00100101 11110011
1 10 10011111 01001001 10111111
0 11 01001000 01000111 00001100
1 11 11110011 01010111 00001011
1 01 00011101 01000111 01110010
0 11 10010111 10100111 00011011
1 00 10000010 01110011 01101101
0 01 10001111 00100011 01110111
0 11 10110010 10111011 00010000
1 01 00010001 10100000 00010000
1 11 00010110 10000100 00000010
1 10 00011100 00000111 01001100
1 11 11000001 00011000 10011000
0 00 01100110 01010111 11100011
0 01 01110000 01001110 00110010
0 01 00011000 11000100 01001111
0 10 00011101 01100011 11100010
0 11 10111111 00110101 01001011
0 11 01100010 10101110 01111110
0 11 10010000 01100111 10010100
1 11 00011101 00110101 11111100
0 11 11010110 11000010 10001110
1 01 10111111 00011110 11100010
1 01 01000010 10001010 01111111
0 10 11101011 11011101 11110111
0 11 00010010 00101000 01100110
0 10 00101111 10110000 10001011
0 00 11100011 10111110 11001001
0 01 01101111 10111110 10100000
0 01 00110101 11000110 11011001
1 00 00101000 11001100 01011111
1 11 01110101 01010000 11001110
0 10 11100110 00000100 01110010
1 10 11010101 10011111 00011100
1 10 00111001 00000100 00100010
0 10 10110100 11010011 10010000
0 00 10001111 11000111 11000111
0 01 01100100 01001010 11110100
1 11 11101001 00000000 00101100
1 10 10110100 11110010 01010101
0 00 10001011 11010111 10001110
0 11 01001000 11010111 10101101
1 01 10001101 11101100 10010101
0 01 00010001 10001000 01011001
1 11 10111111 01010000 00100011
0 01 00010111 11001010 01101000
0 00 01111011 10101001 00001000
1 11 00100010 10110100 10010100
1 10 10110010 10011001 11100000
0 00 01110111 10100111 10010101
0 11 01001101 11001011 10100100
1 01 10110101 00100111 00000000
0 00 00000100 00011101 01010011
0 10 11110001 00111000 10100011
0 01 01101010 01101000 01011011
1 10 11100010 00000101 11100011
1 11 10010010 00110010 01101000
1 11 01001000 00110111 00101001
1 00 01001010 10100100 01100011
0 00 01111011 11110000 01111101
0 11 11001111 10001000 11100010
1 01 00101101 10100111 00100000
1 11 00000110 10010111 01100011
1 10 10010110 00011000 00011010
1 11 10000111 01101100 01101010
0 10 10100100 00110011 01110110
1 11 11100000 01000100 11100001
0 01 01110111 01111001 01011111
1 10 10010111 01101111 10000111
1 01 00010100 10100101 10111110
1 00 11110111 00100101 01001000
1 11 00010110 01001011 11110001
1 01 10111000 11100010 10011111
0 11 01011000 01111110 00011000
1 00 10001111 11100011 10111010
1 01 10111110 00111000 00011010
1 10 11011111 10101100 11110111
0 01 00001000 00110100 01111010
1 01 10110111 10001000 00100111
0 11 00010100 11010001 01110000
0 10 10011100 00110100 10000001
1 01 01010010 10100111 10001001
1 01 00110101 10100111 01010100
0 01 10010101 00100101 11101110
0 01 11101110 11000110 11110011
0 11 00000011 11101100 10001000
1 10 01011001 01101010 01100001
1 01 01000001 10010001 00011111
1 01 10101100 01010111 11011001
1 11 01100011 11011111 10010101
1 00 11111001 10110000 00101001
0 10 01010101 11101110 11000001
0 10 11110101 10101111 01100100
0 01 10101110 01101110 00111001
1 00 01101110 10111011 10100101
0 00 10001001 01000001 11010100
0 01 01100111 00011011 11100111
0 11 10101000 11001000 01010010
0 01 10011000 00101111 11100000
0 10 01111110 10110110 00111010
0 10 01100000 10010100 10110100
1 11 10110010 00000111 01010011
0 00 00010001 00110000 00111110
0 01 00011010 01100000 01111000
0 01 11100000 10011111 10001110
1 01 10001111 11111101 00001011
1 10 01001001 01100101 01111010
1 01 10000000 01110001 00000110
0 11 10110001 01011001 11111000
0 11 00101011 00101101 00010100
0 01 11010111 11101111 00010001
0 01 10001010 11111100 01100010
1 10 00110111 11110001 10011010
1 10 00101010 10000101 00011111
1 00 11111010 01110000 00100111
1 10 10000100 01001101 10010100
0 01 01101011 11010000 00001110
1 11 01100111 00001010 10011011
0 10 10000001 10001000 00101101
0 00 00111011 01001101 11010001
0 10 10010001 01101101 01010010
1 11 11111101 11111010 00000100
1 01 00111111 01101110 11000000
1 11 11110100 11010101 10100100
0 10 01010110 01111011 10010110
0 10 00001010 10000000 00110011
1 10 01100111 00000000 01001010
0 10 01001011 01101011 01100011
1 01 00100001 11110111 10011011
1 10 01100011 01111010 10010101
0 10 10001000 10101010 01001110
0 11 01111010 01100010 11110101
